bigcounts<-list(
  list(y=c(1.11761E+01, 1.10899E+01, 1.11367E+01, 1.11553E+01, 1.10569E+01, 1.09884E+01, 1.09422E+01, 1.07096E+01, 1.06874E+01, 1.04997E+01, 9.84954E+00, 9.13354E+00, 9.17493E+00, 8.73560E+00, 8.73560E+00, 8.61066E+00, 8.43457E+00, 8.13354E+00, 7.73560E+00, 7.73560E+00), 
       NPPARA=2.00000E+01, xm=3.17311E+00, ym=3.98188E+02, ke=8.83406E-01, DetecLim = 7.7356)
)

ids<-c("P0XX")
